   Date      Apparent     Apparent    Distance  Distance   App. Ang.  Phase  Phase   S.E.   S.E.   P.A.   Ls    Solar
  (0 UT)       R.A.      Declination  to Earth   to Sun    Mag. Diam. Illum  Angle   Long   Lat    Axis         Elong
            h  m  s        °  '  "       a.u.      a.u.           "            °      °       °      °      °       °
  Dec 01   11 49 45.98   +03 07 04.1   1.66432   1.66065   1.1   5.6  0.912   34.5  187.5   24.8   25.2   56.9   72.5W
  Dec 08   12 03 18.49   +01 43 43.1   1.59901   1.66270   1.0   5.9  0.909   35.1  119.9   24.6   27.0   59.9   76.0W
  Dec 15   12 16 25.21   +00 23 16.4   1.53216   1.66426   0.9   6.1  0.907   35.6   52.4   24.2   28.7   63.0   79.6W
  Dec 22   12 29 04.34   -00 53 41.3   1.46403   1.66534   0.9   6.4  0.905   35.9  345.1   23.8   30.2   66.1   83.3W
  Dec 29   12 41 12.31   -02 06 29.4   1.39485   1.66594   0.8   6.7  0.904   36.1  277.9   23.3   31.5   69.1   87.1W
  Jan 05   12 52 43.90   -03 14 24.9   1.32496   1.66604   0.6   7.1  0.904   36.2  211.0   22.7   32.6   72.2   91.2W
  Jan 12   13 03 33.14   -04 16 47.5   1.25484   1.66566   0.5   7.5  0.904   36.0  144.4   22.1   33.6   75.2   95.4W
  Jan 19   13 13 33.81   -05 13 00.2   1.18491   1.66479   0.4   7.9  0.906   35.6   77.9   21.5   34.5   78.3   99.9W
  Jan 26   13 22 37.17   -06 02 18.9   1.11558   1.66344   0.2   8.4  0.910   34.9   11.8   20.9   35.1   81.4  104.6W
  Feb 02   13 30 31.83   -06 43 54.3   1.04740   1.66160   0.1   8.9  0.915   34.0  306.1   20.3   35.7   84.4  109.6W
  Feb 09   13 37 05.22   -07 16 59.0   0.98109   1.65928  -0.1   9.5  0.921   32.6  240.7   19.8   36.1   87.5  115.0W
  Feb 16   13 42 04.61   -07 40 48.9   0.91737   1.65649  -0.2  10.2  0.929   30.8  175.8   19.4   36.3   90.6  120.7W
  Feb 23   13 45 15.02   -07 54 32.8   0.85700   1.65324  -0.4  10.9  0.939   28.6  111.3   19.1   36.5   93.7  127.0W
  Mar 02   13 46 20.17   -07 57 17.9   0.80092   1.64952  -0.6  11.7  0.950   25.7   47.4   19.0   36.6   96.8  133.7W
  Mar 09   13 45 07.06   -07 48 28.0   0.75031   1.64536  -0.8  12.5  0.963   22.3  344.1   19.0   36.5   99.9  141.0W
  Mar 16   13 41 30.12   -07 27 59.0   0.70632   1.64075  -0.9  13.2  0.975   18.2  281.4   19.3   36.3  103.1  149.0W
  Mar 23   13 35 32.03   -06 56 24.3   0.67006   1.63572  -1.1  14.0  0.986   13.5  219.4   19.8   35.9  106.2  157.4W
  Mar 30   13 27 28.12   -06 15 22.4   0.64267   1.63027  -1.2  14.6  0.995    8.3  157.8   20.4   35.4  109.4  166.4W
  Apr 06   13 17 52.93   -05 28 10.2   0.62511   1.62442  -1.3  15.0  0.999    2.9   96.7   21.1   34.8  112.6  175.3W
  Apr 13   13 07 37.53   -04 39 29.6   0.61780   1.61818  -1.3  15.1  0.999    3.8   35.7   21.9   34.0  115.8  173.9E
  Apr 20   12 57 37.79   -03 54 28.8   0.62056   1.61157  -1.3  15.1  0.993    9.4  334.6   22.6   33.1  119.1  164.8E
  Apr 27   12 48 45.46   -03 17 51.0   0.63279   1.60462  -1.2  14.8  0.983   14.9  273.2   23.3   32.4  122.4  155.8E
  May 04   12 41 43.43   -02 53 20.1   0.65350   1.59733  -1.1  14.3  0.970   20.0  211.3   23.9   31.7  125.7  147.2E
  May 11   12 36 58.27   -02 43 00.2   0.68132   1.58973  -1.0  13.7  0.955   24.5  148.7   24.4   31.3  129.0  139.3E
  May 18   12 34 38.39   -02 47 13.3   0.71481   1.58184  -0.9  13.1  0.940   28.3   85.3   24.7   31.1  132.4  132.1E
  May 25   12 34 40.32   -03 05 19.3   0.75273   1.57370  -0.8  12.4  0.926   31.6   21.3   25.0   31.2  135.8  125.4E
  Jun 01   12 36 56.32   -03 36 14.0   0.79400   1.56531  -0.6  11.8  0.913   34.3  316.7   25.1   31.5  139.2  119.5E
  Jun 08   12 41 14.66   -04 18 32.6   0.83758   1.55672  -0.5  11.2  0.902   36.6  251.4   25.2   32.0  142.7  114.0E
  Jun 15   12 47 21.13   -05 10 38.4   0.88263   1.54795  -0.4  10.6  0.892   38.3  185.6   25.1   32.7  146.2  109.1E
  Jun 22   12 55 02.34   -06 10 58.7   0.92858   1.53904  -0.3  10.1  0.885   39.7  119.4   24.9   33.5  149.8  104.5E
  Jun 29   13 04 08.61   -07 18 15.9   0.97498   1.53001  -0.2   9.6  0.878   40.8   52.8   24.5   34.4  153.4  100.4E
  Jul 06   13 14 31.28   -08 31 13.8   1.02137   1.52089  -0.1   9.2  0.874   41.6  345.9   24.1   35.3  157.0   96.5E
  Jul 13   13 26 02.14   -09 48 35.2   1.06738   1.51174   0.0   8.8  0.871   42.2  278.7   23.5   36.2  160.7   93.0E
  Jul 20   13 38 34.47   -11 09 06.2   1.11286   1.50258   0.1   8.4  0.868   42.6  211.3   22.7   37.0  164.4   89.7E
  Jul 27   13 52 04.77   -12 31 42.9   1.15769   1.49346   0.2   8.1  0.867   42.8  143.7   21.8   37.7  168.2   86.6E
  Aug 03   14 06 30.05   -13 55 19.9   1.20168   1.48440   0.3   7.8  0.867   42.8   75.9   20.7   38.3  172.1   83.6E
  Aug 10   14 21 47.22   -15 18 48.0   1.24469   1.47547   0.3   7.5  0.867   42.7    8.1   19.5   38.7  175.9   80.9E
